total_steps,episode,episode_steps,episode_reward,episode_time,win,repeated,intrinsic_reward,loss,epsilon
23,1,23,2.65,1.7340219020843506,False,0,0.0,,
55,2,32,5.33,2.1346960067749023,False,1,0.0,0.0485585518181324,0.99946054
86,3,31,4.09,2.3712213039398193,False,1,0.0,0.04889095202088356,0.99915085
116,4,30,6.000000000000001,1.9040429592132568,True,2,0.0,0.06073469668626785,0.99885115
148,5,32,3.54,2.0662331581115723,False,2,0.0,0.029715050011873245,0.99853147
183,6,35,5.640000000000001,2.913167953491211,False,2,0.0,0.041346292942762375,0.99818182
226,7,43,3.4699999999999998,3.5990405082702637,False,3,0.0,0.03246762230992317,0.99775225
260,8,34,3.280000000000001,2.6190147399902344,False,3,0.0,0.01132941897958517,0.99741259
315,9,55,1.6999999999999997,5.214897871017456,False,3,0.0,0.013549109920859337,0.99686314
356,10,41,1.0600000000000005,3.852857828140259,False,3,0.0,0.020192530006170273,0.99645355
381,11,25,4.0,1.8353040218353271,False,3,0.0,0.027881614863872528,0.9962038
407,12,26,6.000000000000001,2.122776746749878,True,3,0.0,0.03251317888498306,0.99594406
422,13,15,1.7799999999999998,0.8125863075256348,False,4,0.0,0.005917715840041637,0.99579421
466,14,44,2.0,4.1624603271484375,False,4,0.0,0.02021241933107376,0.99535465
505,15,39,3.77,2.8598740100860596,False,4,0.0,0.028412725776433945,0.99496504
528,16,23,3.99,1.4749958515167236,False,4,0.0,0.029146987944841385,0.99473527
564,17,36,5.440000000000001,2.787230968475342,False,4,0.0,0.02997756376862526,0.99437563
612,18,48,4.359999999999999,4.31279182434082,False,4,0.0,0.02605847455561161,0.99389611
661,19,49,4.95,4.304046154022217,False,4,0.0,0.03851887583732605,0.9934066
695,20,34,4.000000000000001,2.988847494125366,False,4,0.0,0.03208228200674057,0.99306694
736,21,41,4.0,3.544178009033203,False,4,0.0,0.03354351595044136,0.99265735
763,22,27,6.0,1.8293111324310303,True,4,0.0,0.015182933770120144,0.99238762
786,23,23,2.9999999999999996,1.375685691833496,False,4,0.0,0.015704872086644173,0.99215785
818,24,32,5.6099999999999985,2.2182722091674805,False,4,0.0,0.018389150500297546,0.99183817
839,25,21,2.0,1.5833210945129395,False,4,0.0,0.038111887872219086,0.99162838
857,26,18,2.0,1.2229833602905273,False,4,0.0,0.021448815241456032,0.99144856
902,27,45,3.29,3.8082056045532227,False,4,0.0,0.026653237640857697,0.99099901
937,28,35,3.2299999999999995,2.852762222290039,False,4,0.0,0.01678387075662613,0.99064936
1045,29,108,2.9999999999999996,20.2841796875,False,4,0.0,0.07867893576622009,0.98957044
1076,30,31,3.9999999999999996,2.470702886581421,False,4,0.0,0.03913341835141182,0.98926075
1116,31,40,3.21,5.080701589584351,False,4,0.0,0.04232868179678917,0.98886115
1141,32,25,2.25,1.6326828002929688,False,4,0.0,0.04580257460474968,0.9886114
1191,33,50,5.0,4.343202829360962,False,4,0.0,0.042326103895902634,0.9881119
1220,34,29,1.7600000000000002,1.693701982498169,False,4,0.0,0.01728113181889057,0.98782219
1255,35,35,4.0,2.8893325328826904,False,4,0.0,0.02979881316423416,0.98747254
1288,36,33,2.79,2.3449976444244385,False,4,0.0,0.038071826100349426,0.98714287
1322,37,34,5.4399999999999995,2.640822172164917,False,4,0.0,0.02182786725461483,0.98680321
1351,38,29,4.0,2.0324621200561523,False,4,0.0,0.03638645261526108,0.9865135
1403,39,52,6.0,4.98218035697937,True,4,0.0,0.038495659828186035,0.98599402
1441,40,38,4.84,2.7149927616119385,False,4,0.0,0.06333466619253159,0.9856144
1477,41,36,5.999999999999999,2.893543004989624,True,4,0.0,0.02348349802196026,0.98525476
1516,42,39,6.0,3.182094097137451,True,4,0.0,0.02546868845820427,0.98486515
1572,43,56,4.73,5.865121603012085,False,4,0.0,0.03524728864431381,0.98430571
1597,44,25,1.98,1.4299991130828857,False,4,0.0,0.0703866109251976,0.98405596
1645,45,48,5.999999999999998,4.28402304649353,True,4,0.0,0.06359837204217911,0.98357644
1673,46,28,5.7,1.5730617046356201,False,4,0.0,0.0218217633664608,0.98329672
1704,47,31,2.6699999999999995,1.8339104652404785,False,4,0.0,0.02469296008348465,0.98298703
1735,48,31,4.65,2.218334913253784,False,4,0.0,0.027598079293966293,0.98267734
1761,49,26,3.02,1.8551864624023438,False,4,0.0,0.014279798604547977,0.9824176
1800,50,39,6.000000000000001,2.9337315559387207,True,4,0.0,0.0867048054933548,0.98202799
1839,51,39,4.0,3.857365846633911,False,4,0.0,0.04681408777832985,0.98163838
1884,52,45,5.870000000000001,4.442706346511841,False,4,0.0,0.03591751307249069,0.98118883
1932,53,48,5.53,4.662820816040039,False,4,0.0,0.019862903282046318,0.98070931
1962,54,30,5.449999999999999,2.545461654663086,False,4,0.0,0.0500006303191185,0.98040961
2001,55,39,4.120000000000001,3.05161190032959,False,4,0.0,0.12275830656290054,0.98002
2025,56,24,1.9700000000000002,1.5473082065582275,False,4,0.0,0.1330394148826599,0.97978024
2082,57,57,4.669999999999999,6.217219352722168,False,4,0.0,0.016263365745544434,0.97921081
2113,58,31,5.999999999999998,2.2987494468688965,True,4,0.0,0.04094821214675903,0.97890112
2145,59,32,5.16,2.530578374862671,False,4,0.0,0.053840991109609604,0.97858144
2163,60,18,3.46,0.8466856479644775,False,4,0.0,0.015587219968438148,0.97840162
2206,61,43,3.6499999999999995,3.712367057800293,False,4,0.0,0.03897090628743172,0.97797205
2231,62,25,3.7600000000000002,1.6983819007873535,False,4,0.0,0.043522611260414124,0.9777223
2247,63,16,2.25,0.7139737606048584,False,4,0.0,0.02951989509165287,0.97756246
2279,64,32,3.0,2.3184638023376465,False,4,0.0,0.03987451642751694,0.97724278
2311,65,32,4.79,2.322180986404419,False,4,0.0,0.045283012092113495,0.9769231
2353,66,42,5.629999999999999,3.0353126525878906,False,4,0.0,0.01655682921409607,0.97650352
2381,67,28,4.0,2.0738086700439453,False,4,0.0,0.03163093328475952,0.9762238
2411,68,30,4.27,2.1091878414154053,False,4,0.0,0.03567114472389221,0.9759241
2431,69,20,2.4,0.961005687713623,False,4,0.0,0.03003557398915291,0.9757243
2475,70,44,5.0,4.174889087677002,False,4,0.0,0.03783139958977699,0.97528474
2511,71,36,2.0,2.672563076019287,False,4,0.0,0.015632154420018196,0.9749251
2544,72,33,4.99,2.5700886249542236,False,4,0.0,0.03424198925495148,0.97459543
2575,73,31,2.7700000000000005,1.9205749034881592,False,4,0.0,0.08361197263002396,0.97428574
2601,74,26,3.7600000000000002,1.9493601322174072,False,4,0.0,0.02585529163479805,0.9740260000000001
2634,75,33,4.42,2.301788568496704,False,4,0.0,0.03383643180131912,0.97369633
2675,76,41,2.4099999999999993,3.2968246936798096,False,4,0.0,0.049902889877557755,0.97328674
2715,77,40,4.0,3.013228178024292,False,4,0.0,0.04442176595330238,0.97288714
2740,78,25,2.42,1.4326708316802979,False,4,0.0,0.018938835710287094,0.97263739
2776,79,36,2.1400000000000006,3.396777629852295,False,4,0.0,0.029094716534018517,0.97227775
2833,80,57,5.369999999999998,6.912537336349487,False,4,0.0,0.021959509700536728,0.97170832
2868,81,35,5.2,3.1292290687561035,False,4,0.0,0.06226411461830139,0.97135867
2894,82,26,2.0599999999999996,2.1364657878875732,False,4,0.0,0.053132932633161545,0.97109893
2925,83,31,3.44,3.272599935531616,False,4,0.0,0.015127727761864662,0.97078924
2968,84,43,3.9299999999999997,3.459449529647827,False,4,0.0,0.04651464521884918,0.97035967
2998,85,30,3.36,2.2897279262542725,False,4,0.0,0.05403773486614227,0.97005997
3021,86,23,1.43,1.7251098155975342,False,4,0.0,0.04146713763475418,0.9698302
3042,87,21,1.8000000000000003,2.600538492202759,False,4,0.0,0.07071701437234879,0.96962041
3078,88,36,5.51,3.847403049468994,False,4,0.0,0.07951723039150238,0.96926077
3113,89,35,3.769999999999999,3.061218023300171,False,4,0.0,0.07738547772169113,0.96891112
3171,90,58,3.620000000000001,6.171066045761108,False,4,0.0,0.06777137517929077,0.9683317
3210,91,39,4.19,3.2337839603424072,False,4,0.0,0.05610411986708641,0.96794209
3239,92,29,2.2200000000000006,2.223644971847534,False,4,0.0,0.05188446119427681,0.96765238
3266,93,27,2.5399999999999996,2.175701379776001,False,4,0.0,0.07172415405511856,0.96738265
3291,94,25,3.5900000000000007,1.2908024787902832,False,4,0.0,0.028876440599560738,0.9671329
3329,95,38,5.88,2.935974597930908,False,4,0.0,0.038229361176490784,0.96675328
3365,96,36,6.0,2.7087910175323486,True,4,0.0,0.018284989520907402,0.9663936399999999
3396,97,31,5.170000000000001,2.541332483291626,False,4,0.0,0.08067381381988525,0.96608395
3429,98,33,3.88,3.07132625579834,False,4,0.0,0.03733278065919876,0.96575428
3458,99,29,4.63,1.7725064754486084,False,4,0.0,0.02700115740299225,0.96546457
3492,100,34,2.9699999999999998,3.381012201309204,False,4,0.0,0.05286025255918503,0.96512491
3524,101,32,3.8799999999999994,2.5450377464294434,False,4,0.0,0.03591208904981613,0.96480523
3570,102,46,6.0,4.80242919921875,True,4,0.0,0.10119336098432541,0.96434569
3597,103,27,6.0,2.5126500129699707,True,4,0.0,0.05133438482880592,0.96407596
3631,104,34,4.879999999999999,2.5059075355529785,False,4,0.0,0.05317501723766327,0.9637363
3656,105,25,6.0,1.3418664932250977,True,4,0.0,0.04737546294927597,0.96348655
3684,106,28,6.0,2.1205453872680664,True,4,0.0,0.03984685614705086,0.96320683
3713,107,29,5.21,1.6270344257354736,False,4,0.0,0.11028867214918137,0.96291712
3734,108,21,3.65,1.694058895111084,False,4,0.0,0.04424228519201279,0.96270733
3768,109,34,4.42,2.7822024822235107,False,4,0.0,0.04099280387163162,0.96236767
3801,110,33,6.0,1.8308067321777344,True,4,0.0,0.02768506295979023,0.962038
3820,111,19,2.0,1.557987928390503,False,4,0.0,0.028201986104249954,0.96184819
3849,112,29,5.37,1.6134443283081055,False,4,0.0,0.017369596287608147,0.96155848
3876,113,27,3.87,2.0877366065979004,False,4,0.0,0.018435565754771233,0.96128875
3909,114,33,4.9399999999999995,2.0026776790618896,False,4,0.0,0.06280756741762161,0.96095908
3953,115,44,5.999999999999999,3.8503170013427734,True,4,0.0,0.053473882377147675,0.96051952
3992,116,39,4.2299999999999995,3.1361329555511475,False,4,0.0,0.027084553614258766,0.96012991
4022,117,30,6.0,2.4817442893981934,True,4,0.0,0.029297268018126488,0.95983021
4068,118,46,3.64,3.9562041759490967,False,4,0.0,0.05668298155069351,0.95937067
4100,119,32,5.67,2.4593124389648438,False,4,0.0,0.11549163609743118,0.95905099
4141,120,41,2.71,3.443737030029297,False,4,0.0,0.04934487119317055,0.9586414
4170,121,29,6.000000000000002,1.607940673828125,True,4,0.0,0.06976793706417084,0.95835169
4253,122,83,5.0,11.944069862365723,False,5,0.0,0.05253293737769127,0.95752252
4286,123,33,6.0,2.60847544670105,True,5,0.0,0.05536283925175667,0.95719285
4328,124,42,2.1299999999999994,4.366437196731567,False,5,0.0,0.04900720342993736,0.95677327
4395,125,67,5.999999999999998,8.6703622341156,True,5,0.0,0.037498291581869125,0.95610394
4438,126,43,4.0,3.705115795135498,False,5,0.0,0.037032462656497955,0.95567437
4474,127,36,6.0,3.1248533725738525,True,5,0.0,0.06589572876691818,0.95531473
4496,128,22,1.9999999999999998,1.1465156078338623,False,5,0.0,0.09761035442352295,0.95509495
4538,129,42,2.9999999999999996,3.5861103534698486,False,5,0.0,0.027837669476866722,0.95467537
4574,130,36,4.29,3.028201103210449,False,5,0.0,0.044282689690589905,0.95431573
4620,131,46,6.0,3.92266583442688,True,5,0.0,0.08624087274074554,0.95385619
4675,132,55,5.61,5.709143877029419,False,5,0.0,0.1107824519276619,0.95330674
4709,133,34,4.09,3.235792636871338,False,5,0.0,0.054885756224393845,0.95296708
4742,134,33,2.54,2.7775964736938477,False,5,0.0,0.03493896499276161,0.95263741
4781,135,39,4.84,3.217935085296631,False,5,0.0,0.18067443370819092,0.9522478
4838,136,57,5.200000000000001,5.79819393157959,False,5,0.0,0.050151169300079346,0.95167837
4912,137,74,5.499999999999999,9.581803560256958,False,5,0.0,0.049666646867990494,0.95093911
4948,138,36,4.999999999999999,2.8298041820526123,False,5,0.0,0.03162766993045807,0.95057947
4981,139,33,6.000000000000001,1.8132445812225342,True,5,0.0,0.028455916792154312,0.9502498
5003,140,22,1.9500000000000002,2.3742799758911133,False,5,0.0,0.10994509607553482,0.95003002
5044,141,41,1.3999999999999995,4.0556886196136475,False,5,0.0,0.04633483290672302,0.94962043
5081,142,37,5.46,3.4453320503234863,False,5,0.0,0.023298736661672592,0.9492508
5119,143,38,6.000000000000001,3.257493734359741,True,5,0.0,0.04474758356809616,0.94887118
5182,144,63,4.47,7.361589431762695,False,5,0.0,0.03862576186656952,0.94824181
5290,145,108,3.579999999999999,18.73179817199707,False,5,0.0,0.08916331827640533,0.94716289
5355,146,65,6.000000000000001,7.423936605453491,True,5,0.0,0.08948050439357758,0.94651354
5378,147,23,5.999999999999999,1.9541161060333252,True,5,0.0,0.024761375039815903,0.94628377
5401,148,23,4.12,1.1311097145080566,False,5,0.0,0.04159418120980263,0.946054
5438,149,37,2.4499999999999997,3.2119851112365723,False,5,0.0,0.054916780441999435,0.9456843699999999
5480,150,42,4.17,3.5843942165374756,False,5,0.0,0.0725327730178833,0.94526479
5514,151,34,1.43,2.9228641986846924,False,5,0.0,0.05065459758043289,0.94492513
5551,152,37,2.21,2.287152051925659,False,5,0.0,0.07316969335079193,0.9445555
5583,153,32,2.0,2.5822174549102783,False,5,0.0,0.0752536952495575,0.94423582
5605,154,22,6.0,1.076265811920166,True,5,0.0,0.07564465701580048,0.94401604
5639,155,34,5.620000000000001,2.84261155128479,False,5,0.0,0.07820001244544983,0.94367638
5674,156,35,3.8899999999999992,3.0463218688964844,False,5,0.0,0.09297071397304535,0.94332673
5711,157,37,2.790000000000001,3.5741333961486816,False,5,0.0,0.06021762266755104,0.9429571
5752,158,41,6.000000000000002,2.8517699241638184,True,5,0.0,0.04677003249526024,0.94254751
5784,159,32,3.9899999999999998,3.232382297515869,False,5,0.0,0.04283864051103592,0.94222783
5818,160,34,5.36,3.022691011428833,False,5,0.0,0.08375967293977737,0.94188817
5856,161,38,6.0,2.2197484970092773,True,5,0.0,0.03770202398300171,0.94150855
5895,162,39,4.0,3.3599929809570312,False,5,0.0,0.12136899679899216,0.94111894
5946,163,51,5.739999999999997,5.306693077087402,False,5,0.0,0.045567821711301804,0.94060945
5976,164,30,5.17,1.8017199039459229,False,5,0.0,0.0744687020778656,0.9403097499999999
5998,165,22,2.66,1.2301106452941895,False,5,0.0,0.03078126534819603,0.94008997
6039,166,41,5.999999999999999,3.5127508640289307,True,5,0.0,0.08017400652170181,0.93968038
6075,167,36,4.609999999999999,2.9180595874786377,False,5,0.0,0.04546649381518364,0.93932074
6097,168,22,0.45999999999999996,1.1104965209960938,False,5,0.0,0.07775554060935974,0.93910096
6120,169,23,2.97,2.3295230865478516,False,5,0.0,0.059120867401361465,0.93887119
6168,170,48,6.0,4.388501882553101,True,5,0.0,0.056056611239910126,0.93839167
6202,171,34,2.61,2.065654754638672,False,5,0.0,0.0534164234995842,0.93805201
6232,172,30,2.7,2.9626996517181396,False,5,0.0,0.11958597600460052,0.93775231
6258,173,26,4.29,1.3396940231323242,False,5,0.0,0.11709027737379074,0.93749257
6343,174,85,6.000000000000003,14.199814319610596,True,5,0.0,0.0691090077161789,0.93664342
6362,175,19,2.65,0.9408814907073975,False,6,0.0,0.07248397916555405,0.93645361
6395,176,33,5.76,2.038439989089966,False,6,0.0,0.1394648551940918,0.93612394
6429,177,34,1.0,2.999891757965088,False,6,0.0,0.08226931840181351,0.93578428
6468,178,39,4.290000000000001,4.359001159667969,False,6,0.0,0.08113351464271545,0.93539467
6511,179,43,5.999999999999998,4.949222803115845,True,6,0.0,0.09022558480501175,0.9349651
6544,180,33,4.0,2.6182687282562256,False,6,0.0,0.049544721841812134,0.93463543
6603,181,59,5.12,6.821788549423218,False,6,0.0,0.07463987171649933,0.93404602
6632,182,29,3.9899999999999993,2.671065330505371,False,6,0.0,0.08381865918636322,0.93375631
6656,183,24,1.9199999999999995,1.3798868656158447,False,6,0.0,0.05578135699033737,0.93351655
6680,184,24,3.34,1.3235514163970947,False,6,0.0,0.042719319462776184,0.93327679
6706,185,26,2.0,2.691730260848999,False,6,0.0,0.05932223051786423,0.93301705
6744,186,38,5.0600000000000005,5.2043068408966064,False,6,0.0,0.055109746754169464,0.93263743
6786,187,42,4.689999999999999,6.52709174156189,False,6,0.0,0.12302251160144806,0.93221785
6819,188,33,2.75,4.639664649963379,False,6,0.0,0.038547318428754807,0.93188818
6859,189,40,6.0,5.653667449951172,True,6,0.0,0.08528212457895279,0.93148858
6896,190,37,5.190000000000001,4.19355845451355,False,6,0.0,0.09954594075679779,0.93111895
6932,191,36,4.0,5.227855443954468,False,6,0.0,0.04525526612997055,0.93075931
6964,192,32,3.420000000000001,3.3270106315612793,False,6,0.0,0.09374617040157318,0.93043963
6998,193,34,4.51,5.148536205291748,False,6,0.0,0.05310309678316116,0.93009997
7028,194,30,2.039999999999999,3.1224117279052734,False,6,0.0,0.042019959539175034,0.92980027
7065,195,37,6.0,7.284637689590454,True,6,0.0,0.03730294853448868,0.92943064
7111,196,46,6.0,9.272298097610474,True,6,0.0,0.08578157424926758,0.9289711
7133,197,22,2.79,1.2626051902770996,False,6,0.0,0.038073476403951645,0.92875132
7160,198,27,4.4399999999999995,2.440493583679199,False,6,0.0,0.06746282428503036,0.92848159
7186,199,26,1.2399999999999998,1.2846479415893555,False,6,0.0,0.061677101999521255,0.92822185
7231,200,45,5.0,4.162250757217407,False,6,0.0,0.10713193565607071,0.9277723
7258,201,27,4.0,1.730811357498169,False,6,0.0,0.05635972321033478,0.92750257
7287,202,29,1.9999999999999993,2.682976007461548,False,6,0.0,0.1278252899646759,0.92721286
7318,203,31,1.8499999999999999,2.0191214084625244,False,6,0.0,0.12428627163171768,0.92690317
7388,204,70,5.42,7.682557821273804,False,6,0.0,0.08966297656297684,0.92620387
7416,205,28,2.1999999999999997,5.3010923862457275,False,6,0.0,0.04903192073106766,0.92592415
7450,206,34,4.16,4.794422626495361,False,6,0.0,0.0847526267170906,0.92558449
7489,207,39,4.43,4.173757076263428,False,6,0.0,0.07728131115436554,0.92519488
7536,208,47,6.0,4.639760971069336,True,6,0.0,0.11116816848516464,0.92472535
7567,209,31,6.0,2.4042556285858154,True,6,0.0,0.04038809612393379,0.92441566
7598,210,31,6.000000000000002,3.0325629711151123,True,6,0.0,0.10270435363054276,0.92410597
7642,211,44,6.0,5.486050844192505,True,6,0.0,0.07355912774801254,0.92366641
7670,212,28,6.0,1.9334321022033691,True,6,0.0,0.07494831830263138,0.9233866900000001
7691,213,21,2.36,1.4146170616149902,False,6,0.0,0.06730923056602478,0.9231769
7715,214,24,3.0300000000000002,4.8436853885650635,False,6,0.0,0.07401803135871887,0.92293714
7741,215,26,2.66,2.7898266315460205,False,6,0.0,0.04490436986088753,0.9226774
7786,216,45,5.279999999999999,7.0643157958984375,False,6,0.0,0.06734618544578552,0.92222785
7818,217,32,4.249999999999999,3.1314139366149902,False,6,0.0,0.05266152322292328,0.92190817
7840,218,22,4.0,3.1860387325286865,False,6,0.0,0.07949148863554001,0.92168839
7869,219,29,3.4399999999999995,3.5064945220947266,False,6,0.0,0.026491371914744377,0.92139868
7922,220,53,4.999999999999998,8.088879108428955,False,6,0.0,0.09024703502655029,0.92086921
7951,221,29,6.0,2.417072296142578,True,6,0.0,0.06957264244556427,0.9205795
7986,222,35,4.25,2.421159029006958,False,6,0.0,0.047113772481679916,0.92022985
8006,223,20,2.9799999999999995,1.0629916191101074,False,6,0.0,0.05963997170329094,0.92003005
8034,224,28,5.6899999999999995,2.800658702850342,False,6,0.0,0.03253093734383583,0.9197503300000001
8068,225,34,4.0,2.165249824523926,False,6,0.0,0.06611737608909607,0.91941067
8098,226,30,3.55,3.117222309112549,False,6,0.0,0.07321032136678696,0.91911097
8137,227,39,4.34,2.7680840492248535,False,6,0.0,0.0573744922876358,0.91872136
8167,228,30,2.48,3.187432289123535,False,6,0.0,0.07168036699295044,0.91842166
8196,229,29,2.21,2.40334415435791,False,6,0.0,0.1040002703666687,0.91813195
8234,230,38,3.3400000000000003,5.089548587799072,False,6,0.0,0.09656615555286407,0.91775233
8268,231,34,3.9999999999999996,2.6087982654571533,False,6,0.0,0.06802456825971603,0.91741267
8296,232,28,3.22,4.23737096786499,False,6,0.0,0.060498349368572235,0.9171329500000001
8323,233,27,2.57,1.8225836753845215,False,6,0.0,0.034699175506830215,0.91686322
8360,234,37,3.6300000000000003,6.716308116912842,False,6,0.0,0.11079110950231552,0.91649359
8417,235,57,2.58,10.50028371810913,False,6,0.0,0.08175910264253616,0.91592416
8447,236,30,1.3199999999999998,3.4023077487945557,False,6,0.0,0.04021091014146805,0.91562446
8496,237,49,4.6000000000000005,7.137464284896851,False,6,0.0,0.06892320513725281,0.91513495
8545,238,49,5.429999999999999,8.309988975524902,False,6,0.0,0.08744057267904282,0.91464544
8574,239,29,4.52,3.859372615814209,False,6,0.0,0.07051737606525421,0.91435573
8609,240,35,6.0,5.615322113037109,True,6,0.0,0.04865076765418053,0.91400608
8636,241,27,2.5500000000000007,3.9249014854431152,False,6,0.0,0.08071468025445938,0.91373635
8673,242,37,2.0,4.490185976028442,False,6,0.0,0.05672285705804825,0.91336672
8710,243,37,6.0,5.20600152015686,True,6,0.0,0.03911564126610756,0.91299709
8755,244,45,5.0,8.996058464050293,False,6,0.0,0.12149311602115631,0.91254754
8784,245,29,4.0,4.917784214019775,False,6,0.0,0.07741853594779968,0.9122578299999999
8818,246,34,5.999999999999999,6.486037015914917,True,6,0.0,0.03842782601714134,0.91191817
8860,247,42,5.999999999999997,5.217379331588745,True,6,0.0,0.04548075422644615,0.91149859
8878,248,18,0.98,1.4655687808990479,False,6,0.0,0.06782277673482895,0.9113187700000001
8932,249,54,5.999999999999997,10.697801351547241,True,6,0.0,0.10367871820926666,0.91077931
8974,250,42,5.999999999999997,4.762321710586548,True,6,0.0,0.06106867641210556,0.91035973
9003,251,29,5.080000000000001,4.171977519989014,False,6,0.0,0.10738744586706161,0.91007002
9037,252,34,3.810000000000001,3.708094596862793,False,6,0.0,0.17157265543937683,0.90973036
9064,253,27,2.66,2.215367555618286,False,6,0.0,0.08554143458604813,0.90946063
9091,254,27,3.6799999999999997,4.225087404251099,False,6,0.0,0.07324305176734924,0.9091909
9130,255,39,5.999999999999999,4.465308427810669,True,6,0.0,0.10353775322437286,0.90880129
9167,256,37,2.5799999999999996,4.770686388015747,False,6,0.0,0.18107865750789642,0.90843166
9201,257,34,4.3,3.0107243061065674,False,6,0.0,0.04484296590089798,0.908092
9239,258,38,6.0,7.995319366455078,True,6,0.0,0.0844404399394989,0.90771238
9273,259,34,1.9999999999999998,5.40219259262085,False,6,0.0,0.13005949556827545,0.90737272
9310,260,37,4.470000000000001,5.776616811752319,False,6,0.0,0.11385885626077652,0.90700309
9340,261,30,5.369999999999999,3.147467851638794,False,6,0.0,0.05916339531540871,0.90670339
9375,262,35,1.9200000000000002,5.024454116821289,False,6,0.0,0.06662360578775406,0.90635374
9407,263,32,5.999999999999999,3.224858283996582,True,6,0.0,0.1547010838985443,0.90603406
9447,264,40,2.9999999999999996,6.79530668258667,False,6,0.0,0.0732710212469101,0.90563446
9474,265,27,3.0,3.2962429523468018,False,6,0.0,0.1513335257768631,0.9053647300000001
9500,266,26,2.6099999999999994,3.530371904373169,False,6,0.0,0.11504018306732178,0.90510499
9531,267,31,4.68,2.701941728591919,False,6,0.0,0.06377412378787994,0.9047953
9568,268,37,1.5,4.945518732070923,False,6,0.0,0.04824592173099518,0.90442567
9614,269,46,6.0,5.270821809768677,True,6,0.0,0.14205574989318848,0.90396613
9681,270,67,6.0,9.951997756958008,True,6,0.0,0.08057644218206406,0.9032968
9780,271,99,1.8399999999999996,28.966069221496582,False,6,0.0,0.07468299567699432,0.90230779
9852,272,72,6.0,16.720640182495117,True,6,0.0,0.060726698487997055,0.90158851
9895,273,43,5.999999999999999,5.883737325668335,True,6,0.0,0.1000918298959732,0.90115894
9929,274,34,3.94,6.271215915679932,False,6,0.0,0.19887888431549072,0.90081928
9959,275,30,3.23,2.8779826164245605,False,6,0.0,0.07263775914907455,0.90051958
10019,276,60,6.459999999999998,83.92430305480957,False,6,0.0,0.054310012608766556,0.89992018
10052,277,33,3.6700000000000004,1.9606866836547852,False,7,0.0,0.09495016187429428,0.89959051
10093,278,41,5.0,4.095799207687378,False,7,0.0,0.07386645674705505,0.89918092
10161,279,68,5.380000000000003,10.122902393341064,False,7,0.0,0.03378237783908844,0.8985016
10233,280,72,1.9999999999999993,10.312079429626465,False,7,0.0,0.06841778755187988,0.89778232
10271,281,38,6.0,2.451968193054199,True,7,0.0,0.0680498257279396,0.8974027
10322,282,51,1.9999999999999996,5.168926477432251,False,7,0.0,0.03866741433739662,0.89689321
10422,283,100,3.6799999999999997,17.53769063949585,False,7,0.0,0.1191161572933197,0.89589421
10450,284,28,6.0,2.8918585777282715,True,7,0.0,0.10840100795030594,0.89561449
10491,285,41,4.0,2.7459757328033447,False,7,0.0,0.11933822929859161,0.8952049
10524,286,33,2.6900000000000004,3.6328299045562744,False,7,0.0,0.0470135472714901,0.89487523
10564,287,40,5.000000000000001,2.6058130264282227,False,7,0.0,0.061524659395217896,0.89447563
10584,288,20,2.43,0.9546346664428711,False,7,0.0,0.048596106469631195,0.89427583
10617,289,33,6.0,3.8068149089813232,True,7,0.0,0.06679341197013855,0.89394616
10649,290,32,4.0,1.9087724685668945,False,7,0.0,0.10544730722904205,0.89362648
10689,291,40,4.0,4.289242744445801,False,7,0.0,0.047475118190050125,0.8932268800000001
10729,292,40,4.59,2.9238343238830566,False,7,0.0,0.11381827294826508,0.89282728
10768,293,39,4.1899999999999995,5.100004196166992,False,7,0.0,0.07557284832000732,0.89243767
10832,294,64,6.0,8.274672031402588,True,7,0.0,0.06595906615257263,0.89179831
10881,295,49,5.4099999999999975,5.289988994598389,False,7,0.0,0.10138123482465744,0.8913088
10916,296,35,3.0299999999999994,2.211104154586792,False,7,0.0,0.04188808053731918,0.89095915
10958,297,42,5.43,4.710116147994995,False,7,0.0,0.05590431019663811,0.8905395700000001
10994,298,36,4.999999999999999,2.2386398315429688,False,7,0.0,0.08141051232814789,0.89017993
11020,299,26,6.0,2.798032283782959,True,7,0.0,0.11380740255117416,0.88992019
11051,300,31,4.85,2.0926313400268555,False,7,0.0,0.07377362251281738,0.8896105
11092,301,41,4.23,2.7474730014801025,False,7,0.0,0.07322987914085388,0.88920091
11128,302,36,4.13,3.98962664604187,False,7,0.0,0.08424631506204605,0.88884127
11163,303,35,5.51,2.2455360889434814,False,7,0.0,0.08196631073951721,0.88849162
11187,304,24,1.26,2.9011926651000977,False,7,0.0,0.11907210946083069,0.88825186
11225,305,38,5.0,2.5499846935272217,False,7,0.0,0.10692103207111359,0.88787224
11284,306,59,4.009999999999999,6.168152570724487,False,7,0.0,0.10285237431526184,0.88728283
11327,307,43,6.0,4.37541651725769,True,7,0.0,0.09929129481315613,0.88685326
11370,308,43,2.76,3.0190701484680176,False,7,0.0,0.04821612685918808,0.88642369
11396,309,26,3.5600000000000005,2.9013452529907227,False,7,0.0,0.04761018604040146,0.88616395
11443,310,47,2.0,3.647648811340332,False,7,0.0,0.09636486321687698,0.88569442
11470,311,27,1.5000000000000004,3.45456600189209,False,7,0.0,0.05666455999016762,0.88542469
11495,312,25,3.7199999999999998,1.4404175281524658,False,7,0.0,0.03616362437605858,0.88517494
11528,313,33,3.63,2.573831081390381,False,7,0.0,0.0797160193324089,0.88484527
11610,314,82,3.889999999999999,13.370574235916138,False,7,0.0,0.04829162359237671,0.88402609
11632,315,22,2.81,1.1950209140777588,False,7,0.0,0.17218035459518433,0.88380631
11667,316,35,4.470000000000002,2.0133142471313477,False,7,0.0,0.085100457072258,0.88345666
11691,317,24,2.329999999999999,1.3098728656768799,False,7,0.0,0.0761476457118988,0.8832169
11728,318,37,4.42,3.883514165878296,False,7,0.0,0.1621589958667755,0.88284727
11752,319,24,5.09,1.2656784057617188,False,7,0.0,0.0763796716928482,0.88260751
11787,320,35,6.0,2.0208702087402344,True,7,0.0,0.0733354389667511,0.88225786
11807,321,20,3.0,2.6773173809051514,False,7,0.0,0.025097956880927086,0.88205806
11829,322,22,3.9999999999999996,1.3354957103729248,False,7,0.0,0.1400579959154129,0.88183828
11871,323,42,5.999999999999999,2.862133741378784,True,7,0.0,0.07272502034902573,0.8814187
11902,324,31,3.41,3.051213264465332,False,7,0.0,0.0761399194598198,0.88110901
11934,325,32,2.5900000000000003,1.9798696041107178,False,7,0.0,0.0661230981349945,0.88078933
11972,326,38,5.999999999999999,2.374039649963379,True,7,0.0,0.05675480514764786,0.88040971
12006,327,34,5.08,3.5392730236053467,False,7,0.0,0.11329802125692368,0.88007005
12044,328,38,4.83,2.2507107257843018,False,7,0.0,0.1588563770055771,0.87969043
12083,329,39,3.69,4.209203720092773,False,7,0.0,0.06740061193704605,0.87930082
12117,330,34,5.22,2.0152502059936523,False,7,0.0,0.0908060371875763,0.87896116
12150,331,33,5.11,2.020444631576538,False,7,0.0,0.049242857843637466,0.87863149
12184,332,34,6.0,3.59205961227417,True,7,0.0,0.15764841437339783,0.87829183
12205,333,21,1.92,1.0765843391418457,False,7,0.0,0.14823663234710693,0.87808204
12237,334,32,3.9600000000000004,2.0215394496917725,False,7,0.0,0.09498671442270279,0.87776236
12268,335,31,4.68,3.4068186283111572,False,7,0.0,0.11157535016536713,0.87745267
12379,336,111,5.999999999999998,21.34388542175293,True,7,0.0,0.08473137021064758,0.87634378
12430,337,51,6.0,5.202693700790405,True,7,0.0,0.0649702325463295,0.87583429
12459,338,29,4.2,1.5861260890960693,False,7,0.0,0.12471671402454376,0.87554458
12501,339,42,4.0,4.518268346786499,False,7,0.0,0.07690972089767456,0.875125
12564,340,63,4.780000000000001,6.894045114517212,False,7,0.0,0.10564770549535751,0.87449563
12591,341,27,2.94,2.996004819869995,False,7,0.0,0.10484524071216583,0.8742259
12615,342,24,2.1199999999999997,1.3976244926452637,False,7,0.0,0.031187912449240685,0.87398614
12642,343,27,3.09,1.4502978324890137,False,7,0.0,0.19012777507305145,0.87371641
12676,344,34,6.000000000000002,1.9828500747680664,True,7,0.0,0.13714724779129028,0.87337675
12702,345,26,3.8,3.118725299835205,False,7,0.0,0.11486408114433289,0.87311701
12735,346,33,3.1000000000000005,1.9167656898498535,False,7,0.0,0.12970499694347382,0.87278734
12780,347,45,5.0,4.655271053314209,False,7,0.0,0.08302873373031616,0.87233779
12811,348,31,6.000000000000001,1.6837549209594727,True,7,0.0,0.07870803773403168,0.8720281
12837,349,26,2.93,1.292968988418579,False,7,0.0,0.100008025765419,0.87176836
12861,350,24,6.0,1.236668348312378,True,7,0.0,0.10198137909173965,0.8715286
12911,351,50,5.090000000000001,4.980819463729858,False,7,0.0,0.07820485532283783,0.8710291
12940,352,29,2.51,1.622178077697754,False,7,0.0,0.11253626644611359,0.87073939
12964,353,24,6.0,3.350853443145752,True,7,0.0,0.13992851972579956,0.87049963
12996,354,32,6.0,2.0504496097564697,True,7,0.0,0.07105198502540588,0.87017995
13033,355,37,5.999999999999999,2.2752866744995117,True,7,0.0,0.10317955166101456,0.86981032
13062,356,29,3.0,3.824944257736206,False,7,0.0,0.19132274389266968,0.86952061
13088,357,26,3.6500000000000004,1.348811149597168,False,7,0.0,0.14947186410427094,0.86926087
13127,358,39,4.0,2.5198628902435303,False,7,0.0,0.2551342844963074,0.86887126
13169,359,42,3.16,4.4862518310546875,False,7,0.0,0.0799134150147438,0.86845168
13205,360,36,4.629999999999999,2.1737258434295654,False,7,0.0,0.18613556027412415,0.8680920400000001
13237,361,32,3.089999999999999,1.7918586730957031,False,7,0.0,0.11797025799751282,0.86777236
13266,362,29,4.09,3.016819715499878,False,7,0.0,0.11937291920185089,0.86748265
13300,363,34,3.38,2.3849937915802,False,7,0.0,0.07382813841104507,0.8671429900000001
13374,364,74,6.0,10.145866394042969,True,7,0.0,0.04822144657373428,0.86640373
13407,365,33,2.8699999999999997,1.961130142211914,False,7,0.0,0.07749584317207336,0.86607406
13437,366,30,3.0,3.1418278217315674,False,7,0.0,0.2094966322183609,0.86577436
13456,367,19,1.0,1.1007318496704102,False,7,0.0,0.055846747010946274,0.86558455
13487,368,31,2.45,1.8103866577148438,False,7,0.0,0.053701624274253845,0.86527486
13512,369,25,4.53,1.2206752300262451,False,7,0.0,0.10888169705867767,0.8650251099999999
13540,370,28,3.8500000000000005,1.4679245948791504,False,7,0.0,0.07927270978689194,0.86474539
13565,371,25,4.09,3.095829963684082,False,7,0.0,0.1332247108221054,0.86449564
13584,372,19,6.0,0.8624980449676514,True,7,0.0,0.17345307767391205,0.8643058299999999
13618,373,34,4.51,1.9720399379730225,False,7,0.0,0.066619873046875,0.86396617
13662,374,44,1.13,4.681215763092041,False,7,0.0,0.14769865572452545,0.86352661
13693,375,31,6.0,1.746262788772583,True,7,0.0,0.0427778922021389,0.86321692
13725,376,32,3.5300000000000002,1.8094017505645752,False,7,0.0,0.10502131283283234,0.86289724
13744,377,19,1.9999999999999998,0.968674898147583,False,7,0.0,0.15677425265312195,0.8627074299999999
13775,378,31,4.859999999999999,3.4819071292877197,False,7,0.0,0.15637332201004028,0.86239774
13822,379,47,5.4,3.8020544052124023,False,7,0.0,0.05646726116538048,0.86192821
13863,380,41,5.0,4.970499753952026,False,7,0.0,0.248210147023201,0.86151862
13898,381,35,6.000000000000001,2.376826286315918,True,7,0.0,0.17845989763736725,0.86116897
13938,382,40,4.73,4.201812982559204,False,7,0.0,0.07791626453399658,0.86076937
14023,383,85,6.0,12.395610570907593,True,7,0.0,0.07240094989538193,0.85992022
14073,384,50,6.0,5.4252235889434814,True,7,0.0,0.20968645811080933,0.85942072
14106,385,33,3.42,1.9929213523864746,False,7,0.0,0.12700842320919037,0.85909105
14124,386,18,1.38,0.8324546813964844,False,7,0.0,0.13117147982120514,0.85891123
14201,387,77,3.6099999999999994,10.8909432888031,False,7,0.0,0.05021964758634567,0.858142
14239,388,38,4.370000000000002,2.3152568340301514,False,7,0.0,0.1260007917881012,0.85776238
14277,389,38,4.49,4.04080867767334,False,7,0.0,0.1332443654537201,0.85738276
14307,390,30,4.999999999999999,1.5973145961761475,False,7,0.0,0.151809424161911,0.85708306
14336,391,29,5.000000000000001,1.538789987564087,False,7,0.0,0.14533522725105286,0.85679335
14372,392,36,0.0,3.933359384536743,False,7,0.0,0.14390309154987335,0.85643371
14428,393,56,5.48,5.892558336257935,False,7,0.0,0.09648904204368591,0.8558742699999999
14469,394,41,4.88,2.4689903259277344,False,7,0.0,0.092427097260952,0.85546468
14507,395,38,4.24,2.579900026321411,False,7,0.0,0.15778176486492157,0.85508506
14540,396,33,4.44,4.180501937866211,False,7,0.0,0.11627703905105591,0.85475539
14566,397,26,3.23,1.3965024948120117,False,7,0.0,0.12091062217950821,0.85449565
14596,398,30,3.61,1.8778395652770996,False,7,0.0,0.15684150159358978,0.85419595
14628,399,32,4.110000000000001,3.312596082687378,False,7,0.0,0.11778655648231506,0.85387627
14661,400,33,3.3099999999999996,2.855438709259033,False,7,0.0,0.15989819169044495,0.8535466
14707,401,46,5.419999999999999,5.280219316482544,False,7,0.0,0.11172123998403549,0.85308706
14743,402,36,4.33,5.738748550415039,False,7,0.0,0.17501172423362732,0.85272742
14787,403,44,5.09,4.506171226501465,False,7,0.0,0.13883164525032043,0.85228786
14857,404,70,5.999999999999999,11.14594554901123,True,7,0.0,0.13618774712085724,0.8515885599999999
14884,405,27,6.0,1.49678373336792,True,7,0.0,0.1632634401321411,0.85131883
14919,406,35,5.219999999999999,2.540611743927002,False,7,0.0,0.0896584615111351,0.85096918
14963,407,44,6.000000000000002,6.031254053115845,True,7,0.0,0.25280171632766724,0.85052962
14995,408,32,3.6399999999999997,2.0625674724578857,False,7,0.0,0.05594601109623909,0.85020994
15032,409,37,2.9999999999999996,2.8043363094329834,False,7,0.0,0.2746458351612091,0.84984031
15063,410,31,4.47,4.110713243484497,False,7,0.0,0.21453213691711426,0.84953062
15096,411,33,4.58,1.9953904151916504,False,7,0.0,0.117812380194664,0.84920095
15137,412,41,3.7199999999999998,2.9722416400909424,False,7,0.0,0.12045460194349289,0.84879136
15176,413,39,6.0,8.506865978240967,True,7,0.0,0.08016843348741531,0.8484017500000001
15219,414,43,3.000000000000001,5.370794296264648,False,7,0.0,0.09764816612005234,0.84797218
15246,415,27,2.2800000000000002,2.114827871322632,False,7,0.0,0.14082050323486328,0.84770245
15302,416,56,5.52,9.049810886383057,False,7,0.0,0.09144649654626846,0.84714301
15334,417,32,4.76,4.298919439315796,False,7,0.0,0.14988432824611664,0.84682333
15371,418,37,5.999999999999999,3.14382266998291,True,7,0.0,0.23609191179275513,0.8464537
15420,419,49,6.000000000000001,7.052304267883301,True,7,0.0,0.0904216319322586,0.84596419
15447,420,27,6.0,2.5085530281066895,True,7,0.0,0.10432403534650803,0.84569446
15499,421,52,5.0,6.984776496887207,False,7,0.0,0.2229301482439041,0.84517498
15557,422,58,3.569999999999999,11.033379793167114,False,7,0.0,0.0556066557765007,0.84459556
15595,423,38,3.9999999999999996,8.09197211265564,False,7,0.0,0.19521018862724304,0.84421594
15678,424,83,4.999999999999998,14.901323556900024,False,7,0.0,0.0873188003897667,0.84338677
15730,425,52,4.75,4.8776350021362305,False,7,0.0,0.06181659549474716,0.84286729
15756,426,26,6.0,4.041011333465576,True,7,0.0,0.18330182135105133,0.84260755
15888,427,132,4.5,35.29542803764343,False,7,0.0,0.15958774089813232,0.84128887
15952,428,64,5.840000000000001,8.513975858688354,False,7,0.0,0.105030857026577,0.84064951
15985,429,33,4.0,6.530612230300903,False,7,0.0,0.16024959087371826,0.84031984
16005,430,20,1.37,2.0442559719085693,False,7,0.0,0.23253397643566132,0.84012004
16059,431,54,6.0,9.486099243164062,True,7,0.0,0.09086288511753082,0.83958058
16086,432,27,2.2799999999999994,1.7476239204406738,False,7,0.0,0.06633402407169342,0.8393108499999999
16121,433,35,6.0,2.249823570251465,True,7,0.0,0.11380564421415329,0.8389612
16143,434,22,2.09,1.563319444656372,False,7,0.0,0.08081283420324326,0.83874142
16170,435,27,4.0,1.364889144897461,False,7,0.0,0.14048601686954498,0.83847169
16219,436,49,6.0,5.574650526046753,True,7,0.0,0.13789784908294678,0.83798218
16247,437,28,1.77,2.1997151374816895,False,7,0.0,0.07799520343542099,0.83770246
16278,438,31,4.87,1.9716136455535889,False,7,0.0,0.18934641778469086,0.83739277
16329,439,51,6.0,6.890547275543213,True,7,0.0,0.3277624547481537,0.83688328
16366,440,37,2.79,2.469345808029175,False,7,0.0,0.048642612993717194,0.83651365
16409,441,43,5.449999999999998,5.616119623184204,False,7,0.0,0.10507448017597198,0.83608408
16442,442,33,2.82,2.30216121673584,False,7,0.0,0.1730121374130249,0.8357544100000001
16480,443,38,3.790000000000001,4.743091106414795,False,7,0.0,0.1889687180519104,0.83537479
16527,444,47,4.590000000000001,4.06838583946228,False,7,0.0,0.2912170886993408,0.83490526
16566,445,39,4.55,5.17211389541626,False,7,0.0,0.19098521769046783,0.8345156499999999
16591,446,25,6.000000000000001,1.5012621879577637,True,7,0.0,0.054037000983953476,0.8342659
16616,447,25,6.0,2.1380858421325684,True,7,0.0,0.09887778013944626,0.8340161500000001
16662,448,46,6.0,6.898746967315674,True,7,0.0,0.06075054034590721,0.83355661
16689,449,27,1.67,6.342235803604126,False,7,0.0,0.16594968736171722,0.83328688
16718,450,29,3.0,2.4090664386749268,False,7,0.0,0.4197549521923065,0.83299717
16757,451,39,5.180000000000001,4.02021861076355,False,7,0.0,0.3402709364891052,0.83260756
16786,452,29,6.0,2.8297226428985596,True,7,0.0,0.11749408394098282,0.83231785
16833,453,47,5.000000000000001,7.526270866394043,False,7,0.0,0.1878540962934494,0.83184832
16862,454,29,6.0,2.9436254501342773,True,7,0.0,0.1132473275065422,0.83155861
16895,455,33,4.0,2.8063716888427734,False,7,0.0,0.07298791408538818,0.83122894
16922,456,27,3.7800000000000002,5.05489444732666,False,7,0.0,0.14126518368721008,0.8309592100000001
16953,457,31,5.000000000000001,2.7583563327789307,False,7,0.0,0.10426826775074005,0.83064952
17001,458,48,1.92,5.164496660232544,False,7,0.0,0.17253591120243073,0.83017
17040,459,39,5.0,6.83284330368042,False,7,0.0,0.15620264410972595,0.82978039
17110,460,70,3.569999999999999,11.00226616859436,False,7,0.0,0.09830033779144287,0.8290810900000001
17143,461,33,1.4399999999999995,4.60067892074585,False,7,0.0,0.23044005036354065,0.82875142
17186,462,43,2.76,10.495006561279297,False,7,0.0,0.15231993794441223,0.82832185
17213,463,27,5.47,2.09673810005188,False,7,0.0,0.12619124352931976,0.82805212
17301,464,88,5.27,15.569186449050903,False,7,0.0,0.15249866247177124,0.827173
17332,465,31,4.69,2.5100817680358887,False,7,0.0,0.12941208481788635,0.82686331
17378,466,46,4.54,6.024759769439697,False,7,0.0,0.07791480422019958,0.82640377
17408,467,30,5.6899999999999995,1.8986949920654297,False,7,0.0,0.12463505566120148,0.82610407
17438,468,30,4.52,2.1761348247528076,False,7,0.0,0.11033815145492554,0.82580437
17487,469,49,5.45,6.994669198989868,False,7,0.0,0.09231577813625336,0.82531486
17552,470,65,3.000000000000001,9.888362646102905,False,7,0.0,0.09257864952087402,0.82466551
17591,471,39,2.999999999999999,2.8555736541748047,False,7,0.0,0.22796860337257385,0.8242759
17631,472,40,5.579999999999999,6.015666723251343,False,7,0.0,0.5093277096748352,0.8238763
17659,473,28,5.999999999999999,2.701587438583374,True,7,0.0,0.15720205008983612,0.82359658
17699,474,40,2.369999999999999,4.8504157066345215,False,7,0.0,0.19747412204742432,0.82319698
17721,475,22,4.0,1.3754310607910156,False,7,0.0,0.15472431480884552,0.8229772
17745,476,24,2.9999999999999996,1.7118616104125977,False,7,0.0,0.1009325161576271,0.82273744
17778,477,33,6.000000000000001,5.710004568099976,True,7,0.0,0.06605326384305954,0.82240777
17816,478,38,3.3900000000000006,2.372605085372925,False,7,0.0,0.20815622806549072,0.82202815
17845,479,29,3.5300000000000002,2.157463312149048,False,7,0.0,0.2865898609161377,0.8217384400000001
17885,480,40,3.73,4.854111433029175,False,7,0.0,0.08399905264377594,0.82133884
17932,481,47,6.0,4.53039813041687,True,7,0.0,0.10299892723560333,0.82086931
17962,482,30,2.9999999999999996,1.69478440284729,False,7,0.0,0.16797702014446259,0.82056961
18007,483,45,5.03,5.544005870819092,False,7,0.0,0.26246386766433716,0.82012006
18054,484,47,5.139999999999999,3.790928840637207,False,7,0.0,0.14539429545402527,0.81965053
18093,485,39,6.000000000000001,5.48295521736145,True,7,0.0,0.14543235301971436,0.8192609200000001
18124,486,31,6.0,2.189227342605591,True,7,0.0,0.10603170096874237,0.81895123
18167,487,43,2.29,3.2078747749328613,False,7,0.0,0.09202096611261368,0.81852166
18196,488,29,2.0000000000000004,4.007566690444946,False,7,0.0,0.11247323453426361,0.8182319499999999
18219,489,23,6.0,1.2363736629486084,True,7,0.0,0.21353071928024292,0.81800218
18241,490,22,1.23,1.1731531620025635,False,7,0.0,0.1223837286233902,0.8177824
18269,491,28,6.0,1.5634205341339111,True,7,0.0,0.08362263441085815,0.81750268
18323,492,54,3.41,7.372565746307373,False,7,0.0,0.1414482444524765,0.81696322
18361,493,38,5.999999999999999,2.559227466583252,True,7,0.0,0.11434750258922577,0.8165836
18390,494,29,4.029999999999999,2.9651899337768555,False,7,0.0,0.06805115193128586,0.81629389
18425,495,35,2.8499999999999996,5.996049165725708,False,7,0.0,0.1487521082162857,0.81594424
18458,496,33,4.360000000000001,2.7687807083129883,False,7,0.0,0.279734343290329,0.8156145699999999
18520,497,62,6.000000000000001,7.726107120513916,True,7,0.0,0.10080502927303314,0.81499519
18569,498,49,6.0,3.709320545196533,True,7,0.0,0.12080667167901993,0.81450568
18593,499,24,4.5600000000000005,1.408850908279419,False,7,0.0,0.08391406387090683,0.81426592
18622,500,29,5.999999999999999,3.7505152225494385,True,7,0.0,0.16746746003627777,0.81397621
18651,501,29,2.77,1.9761905670166016,False,7,0.0,0.18933579325675964,0.8136865
18682,502,31,1.44,1.9505434036254883,False,7,0.0,0.09588886797428131,0.8133768100000001
18707,503,25,3.6000000000000005,1.4097249507904053,False,7,0.0,0.18354655802249908,0.81312706
18762,504,55,3.9999999999999996,11.786266565322876,False,7,0.0,0.06826803833246231,0.81257761
18825,505,63,3.6499999999999995,7.600663661956787,False,7,0.0,0.21738648414611816,0.81194824
18868,506,43,3.3,2.8122339248657227,False,7,0.0,0.41237732768058777,0.81151867
18889,507,21,3.4199999999999995,1.0634205341339111,False,7,0.0,0.1468248963356018,0.81130888
18918,508,29,2.59,3.8590986728668213,False,7,0.0,0.15135344862937927,0.81101917
18960,509,42,3.2599999999999985,3.086683988571167,False,7,0.0,0.21160855889320374,0.81059959
18994,510,34,2.03,2.0508694648742676,False,7,0.0,0.07982783019542694,0.81025993
19031,511,37,5.24,4.551401853561401,False,7,0.0,0.15051405131816864,0.8098903
19089,512,58,3.6099999999999994,4.600774526596069,False,7,0.0,0.2117672711610794,0.80931088
19113,513,24,4.0,1.4982261657714844,False,7,0.0,0.15483322739601135,0.80907112
19148,514,35,4.16,5.39115047454834,False,7,0.0,0.1447993665933609,0.80872147
19194,515,46,6.0,3.080554246902466,True,7,0.0,0.14024335145950317,0.80826193
19230,516,36,4.39,2.2128663063049316,False,7,0.0,0.20527729392051697,0.80790229
19264,517,34,6.0,4.578262805938721,True,7,0.0,0.09529690444469452,0.8075626300000001
19301,518,37,5.0,2.2880494594573975,False,7,0.0,0.26600292325019836,0.807193
19353,519,52,5.999999999999997,4.0616395473480225,True,7,0.0,0.10537514835596085,0.80667352
19412,520,59,5.0,7.234040975570679,False,7,0.0,0.14181308448314667,0.80608411
19445,521,33,3.58,4.535944938659668,False,7,0.0,0.318615585565567,0.80575444
19478,522,33,4.690000000000001,1.9613585472106934,False,7,0.0,0.0806262418627739,0.80542477
19511,523,33,3.4100000000000006,1.8551459312438965,False,7,0.0,0.13191618025302887,0.8050951
19532,524,21,4.0,0.9915869235992432,False,7,0.0,0.1798098087310791,0.80488531
19557,525,25,2.5999999999999996,1.3369343280792236,False,7,0.0,0.1857779622077942,0.80463556
19605,526,48,2.8000000000000003,6.1055848598480225,False,7,0.0,0.1517874300479889,0.8041560400000001
19658,527,53,1.9999999999999993,3.738410472869873,False,7,0.0,0.12756532430648804,0.80362657
19689,528,31,3.9100000000000006,4.288464784622192,False,7,0.0,0.10896667838096619,0.80331688
19720,529,31,1.5999999999999996,2.010629892349243,False,7,0.0,0.09440352022647858,0.80300719
19748,530,28,6.0,1.5466935634613037,True,7,0.0,0.05798700079321861,0.80272747
19769,531,21,1.28,1.034334421157837,False,7,0.0,0.3472844660282135,0.80251768
19804,532,35,3.8499999999999996,2.1094067096710205,False,7,0.0,0.16279976069927216,0.80216803
19841,533,37,5.12,5.011113405227661,False,7,0.0,0.18997089564800262,0.8017984
19872,534,31,2.0000000000000004,2.2517731189727783,False,7,0.0,0.31881582736968994,0.80148871
19896,535,24,3.54,1.418874979019165,False,7,0.0,0.16403910517692566,0.80124895
19914,536,18,2.0300000000000002,1.0207688808441162,False,7,0.0,0.14117610454559326,0.80106913
19938,537,24,6.000000000000001,1.293832778930664,True,7,0.0,0.20114582777023315,0.80082937
19976,538,38,3.57,4.60442590713501,False,7,0.0,0.11613310873508453,0.80044975
20028,539,52,5.86,37.31121015548706,False,7,0.0,0.13043928146362305,0.7999302699999999
20073,540,45,2.03,5.717081785202026,False,7,0.0,0.18974104523658752,0.79948072
20132,541,59,5.999999999999999,7.735830783843994,True,7,0.0,0.18210704624652863,0.79889131
20176,542,44,4.2,3.281515598297119,False,7,0.0,0.4245365560054779,0.79845175
20214,543,38,5.999999999999999,2.4593048095703125,True,7,0.0,0.23749306797981262,0.79807213
20247,544,33,6.0,5.6790618896484375,True,7,0.0,0.23866674304008484,0.79774246
20290,545,43,5.96,3.643009901046753,False,7,0.0,0.2978056073188782,0.79731289
20324,546,34,6.0,2.4482405185699463,True,7,0.0,0.15111801028251648,0.79697323
20380,547,56,3.129999999999999,7.129930019378662,False,7,0.0,0.18576189875602722,0.79641379
20418,548,38,6.0,2.4918313026428223,True,7,0.0,0.09290201216936111,0.79603417
20458,549,40,3.5700000000000003,2.8656721115112305,False,7,0.0,0.17913222312927246,0.79563457
20491,550,33,6.000000000000001,4.317456007003784,True,7,0.0,0.29542672634124756,0.7953049
20533,551,42,3.75,2.89217209815979,False,7,0.0,0.21138614416122437,0.79488532
20568,552,35,4.47,2.146484136581421,False,7,0.0,0.25731343030929565,0.79453567
20602,553,34,5.090000000000001,4.508593320846558,False,7,0.0,0.1292966902256012,0.7941960100000001
20656,554,54,3.1900000000000004,4.271542310714722,False,7,0.0,0.09042933583259583,0.79365655
20687,555,31,4.63,1.9197545051574707,False,7,0.0,0.18023373186588287,0.79334686
20709,556,22,2.3300000000000005,4.0386083126068115,False,7,0.0,0.1643085777759552,0.79312708
20744,557,35,6.0,2.200091600418091,True,7,0.0,0.16634753346443176,0.79277743
20774,558,30,3.6300000000000003,1.763946533203125,False,7,0.0,0.3247246742248535,0.79247773
20808,559,34,6.0,2.026655435562134,True,7,0.0,0.11631552875041962,0.79213807
20840,560,32,1.6600000000000001,1.8898322582244873,False,7,0.0,0.10926707088947296,0.79181839
20857,561,17,1.6300000000000001,3.7293479442596436,False,7,0.0,0.22688579559326172,0.7916485600000001
20896,562,39,6.0,2.726261615753174,True,7,0.0,0.1703024059534073,0.79125895
20937,563,41,0.9999999999999998,2.728978395462036,False,7,0.0,0.33315882086753845,0.79084936
20989,564,52,5.24,7.126410245895386,False,7,0.0,0.09900929033756256,0.79032988
21023,565,34,4.56,2.23413348197937,False,7,0.0,0.13187521696090698,0.78999022
21063,566,40,3.4400000000000004,3.199781894683838,False,7,0.0,0.12404776364564896,0.78959062
21095,567,32,2.3000000000000003,5.220601797103882,False,7,0.0,0.13533392548561096,0.78927094
21137,568,42,5.45,2.9916138648986816,False,7,0.0,0.10946518927812576,0.78885136
21165,569,28,3.06,1.5873644351959229,False,7,0.0,0.08265038579702377,0.78857164
21216,570,51,6.0,6.877910137176514,True,7,0.0,0.33469998836517334,0.78806215
21242,571,26,6.0,1.4747288227081299,True,7,0.0,0.25422990322113037,0.7878024100000001
21280,572,38,5.819999999999999,2.2844207286834717,False,7,0.0,0.2570078372955322,0.7874227899999999
21302,573,22,2.52,1.11354660987854,False,7,0.0,0.2606236934661865,0.78720301
21340,574,38,5.999999999999999,2.5018997192382812,True,7,0.0,0.14982068538665771,0.78682339
21380,575,40,5.549999999999999,5.176944255828857,False,7,0.0,0.10457129776477814,0.78642379
21422,576,42,5.52,2.822256326675415,False,7,0.0,0.08284533768892288,0.78600421
21448,577,26,3.9999999999999996,1.3385725021362305,False,7,0.0,0.11641300469636917,0.78574447
21480,578,32,4.949999999999999,1.9036221504211426,False,7,0.0,0.2471727579832077,0.78542479
21515,579,35,5.630000000000002,4.818701982498169,False,7,0.0,0.4130537509918213,0.78507514
21549,580,34,4.699999999999999,2.0203158855438232,False,7,0.0,0.3696863651275635,0.7847354799999999
21585,581,36,2.0,2.385183095932007,False,7,0.0,0.11785639822483063,0.78437584
21636,582,51,4.769999999999999,6.935633182525635,False,7,0.0,0.0971469059586525,0.78386635
21685,583,49,5.999999999999999,3.6128664016723633,True,7,0.0,0.2646579444408417,0.78337684
21710,584,25,6.0,1.3585736751556396,True,7,0.0,0.0750090479850769,0.78312709
21741,585,31,6.0,1.9723246097564697,True,7,0.0,0.2853218913078308,0.7828174
21786,586,45,3.65,8.09580397605896,False,7,0.0,0.09632810950279236,0.78236785
21840,587,54,5.440000000000001,4.57039213180542,False,7,0.0,0.11493200063705444,0.78182839
21870,588,30,6.0,2.2168872356414795,True,7,0.0,0.1224421039223671,0.78152869
21899,589,29,3.69,1.6305668354034424,False,7,0.0,0.1686883419752121,0.78123898
21985,590,86,5.999999999999997,12.269192695617676,True,7,0.0,0.15752056241035461,0.7803798399999999
22012,591,27,4.66,2.187783718109131,False,7,0.0,0.2443370819091797,0.78011011
22051,592,39,6.000000000000001,8.03933048248291,True,7,0.0,0.15192995965480804,0.7797205
22089,593,38,6.000000000000001,1.997831106185913,True,7,0.0,0.06857341527938843,0.77934088
22117,594,28,2.9899999999999998,1.9078726768493652,False,7,0.0,0.11393788456916809,0.77906116
22160,595,43,4.11,4.56327223777771,False,7,0.0,0.2322218269109726,0.77863159
22203,596,43,4.0,5.864971160888672,False,7,0.0,0.1663886457681656,0.7782020199999999
22241,597,38,3.23,2.391439199447632,False,7,0.0,0.13486334681510925,0.7778224
22271,598,30,5.590000000000001,1.7399346828460693,False,7,0.0,0.23858897387981415,0.7775227
22306,599,35,3.0,2.283891201019287,False,7,0.0,0.12020615488290787,0.77717305
22341,600,35,2.14,5.095397472381592,False,7,0.0,0.1843334585428238,0.7768234
22384,601,43,3.46,3.294523000717163,False,7,0.0,0.3294682800769806,0.77639383
22429,602,45,2.6899999999999995,3.8441646099090576,False,7,0.0,0.23184503614902496,0.77594428
22468,603,39,3.9099999999999997,7.753978729248047,False,7,0.0,0.11718505620956421,0.77555467
22489,604,21,1.8399999999999999,1.4204847812652588,False,7,0.0,0.2746634781360626,0.77534488
22583,605,94,4.699999999999999,18.44921898841858,False,7,0.0,0.0943283811211586,0.77440582
22597,606,14,6.0,0.6331033706665039,True,7,0.0,0.14243414998054504,0.77426596
22635,607,38,2.5200000000000005,2.7541770935058594,False,7,0.0,0.1458776891231537,0.77388634
22671,608,36,3.3299999999999996,2.3509914875030518,False,7,0.0,0.1200852319598198,0.7735267
22707,609,36,5.65,5.2267982959747314,False,7,0.0,0.13773785531520844,0.77316706
22751,610,44,5.549999999999998,3.9359042644500732,False,7,0.0,0.13000057637691498,0.7727275
22797,611,46,3.88,8.8464515209198,False,7,0.0,0.3099886476993561,0.77226796
22822,612,25,2.0,1.4202351570129395,False,7,0.0,0.18270902335643768,0.77201821
22852,613,30,4.03,2.222904682159424,False,7,0.0,0.20359590649604797,0.77171851
22887,614,35,3.0,2.1779584884643555,False,7,0.0,0.27562400698661804,0.7713688599999999
22920,615,33,3.69,2.0942413806915283,False,7,0.0,0.15057417750358582,0.77103919
22947,616,27,2.1,1.4689805507659912,False,7,0.0,0.21662145853042603,0.77076946
22993,617,46,3.8099999999999996,6.521179914474487,False,7,0.0,0.2561642527580261,0.77030992
23025,618,32,2.66,2.556915521621704,False,7,0.0,0.13722018897533417,0.76999024
23063,619,38,1.9999999999999993,3.187666416168213,False,7,0.0,0.14844995737075806,0.76961062
23118,620,55,4.000000000000001,10.903887271881104,False,7,0.0,0.19834811985492706,0.7690611700000001
23146,621,28,5.999999999999999,2.4797513484954834,True,7,0.0,0.16123230755329132,0.76878145
23181,622,35,3.5,3.7981297969818115,False,7,0.0,0.2627700865268707,0.7684318
23215,623,34,3.63,7.087785243988037,False,7,0.0,0.418515145778656,0.76809214
23270,624,55,4.55,6.446470260620117,False,7,0.0,0.2821080684661865,0.76754269
23306,625,36,4.529999999999999,3.4441068172454834,False,7,0.0,0.19227959215641022,0.76718305
23356,626,50,6.0,10.179887771606445,True,7,0.0,0.24822750687599182,0.76668355
23421,627,65,6.0,12.765621423721313,True,7,0.0,0.06395800411701202,0.7660342
23486,628,65,5.999999999999999,9.72611665725708,True,7,0.0,0.16143746674060822,0.76538485
23520,629,34,4.719999999999999,10.323415279388428,False,7,0.0,0.06047373265028,0.7650451899999999
23557,630,37,5.719999999999999,4.3427581787109375,False,7,0.0,0.48128682374954224,0.76467556
23577,631,20,3.0000000000000004,1.6230616569519043,False,7,0.0,0.13914570212364197,0.7644757600000001
23639,632,62,3.69,11.929050207138062,False,7,0.0,0.14621883630752563,0.76385638
23675,633,36,1.08,2.8330743312835693,False,7,0.0,0.09438788890838623,0.76349674
23699,634,24,3.0,2.139456033706665,False,7,0.0,0.07732520252466202,0.76325698
23736,635,37,5.71,3.246199607849121,False,7,0.0,0.3144659399986267,0.76288735
23764,636,28,6.000000000000002,5.642179250717163,True,7,0.0,0.33525341749191284,0.76260763
23844,637,80,5.71,17.226933240890503,False,7,0.0,0.10725338757038116,0.76180843
23878,638,34,3.0,2.897191047668457,False,7,0.0,0.17694705724716187,0.76146877
23907,639,29,5.650000000000001,1.6995277404785156,False,7,0.0,0.10113465785980225,0.76117906
23945,640,38,2.0,2.893817186355591,False,7,0.0,0.16074258089065552,0.76079944
23996,641,51,4.929999999999999,11.049598217010498,False,7,0.0,0.18175038695335388,0.76028995
24048,642,52,5.000000000000001,6.752222537994385,False,7,0.0,0.20934852957725525,0.75977047
24101,643,53,4.329999999999999,9.701703548431396,False,7,0.0,0.3294253349304199,0.759241
24130,644,29,2.39,2.6343836784362793,False,7,0.0,0.1447211652994156,0.75895129
24159,645,29,3.0,2.715111255645752,False,7,0.0,0.14545013010501862,0.7586615800000001
24211,646,52,5.089999999999999,10.149533033370972,False,7,0.0,0.11961556226015091,0.7581420999999999
24229,647,18,0.78,1.7087104320526123,False,7,0.0,0.42405861616134644,0.75796228
24280,648,51,4.390000000000001,7.718537330627441,False,7,0.0,0.18321825563907623,0.75745279
24315,649,35,5.71,6.31574273109436,False,7,0.0,0.17863218486309052,0.75710314
24344,650,29,4.09,1.789858102798462,False,7,0.0,0.20754504203796387,0.75681343
24388,651,44,5.71,3.0787782669067383,False,7,0.0,0.2857384979724884,0.75637387
24420,652,32,6.0,1.910787582397461,True,7,0.0,0.2075379639863968,0.75605419
